301 651 766
214 883 924
388 649 705
571 594 234
420 814 425
584 312 538
649 722 360
739 749 459
448 600 638
88 98 484
582 99 808
430 345 897
462 267 215
17 302 598
571 671 348
22 312 439
817 551 500
723 8 508
488 16 33
483 930 970
973 890 191
928 834 607
958 82 952
346 609 615
573 519 778
816 888 341
40 610 174
882 193 456
408 843 288
405 392 508
32 756 328
743 475 187
289 248 777
198 411 866
391 31 620
784 947 740
79 455 231
798 163 137
818 669 716
869 888 717
667 646 308
483 982 803
763 79 681
315 729 922
250 313 649
73 844 362
682 459 545149 442 832191 754 846406 663 895422 862 622745 439 467785 325 738226 525 669909 239 26313 115 164755 151 922678 871 521687 165 21742 845 923104 255 902486 126 693917 605 193197 373 256883 719 681627 406 61529 384 78773 43 97376 686 361694 29 249986 375 394345 338 276778 229 366678 821 245612 586 565884 581 421325 219 56984 878 562202 111 389852 211 916535 736 908789 440 642874 701 605201 829 229760 540 367715 174 96020 706 80455 524 852338 649 541593 398 438644 19 54952 471 88170 882 732765 723 493576 431 922255 238 373775 36 169363 200 392615 875 112661 229 84901 339 695657 517 567333 348 47290 277 384231 998 186850 697 613265 119 791112 632 67993 987 745195 759 10577 806 482985 617 911630 209 202238 411 734333 311 862799 145 702222 783 331765 490 630312 986 470400 142 59601 574 404666 809 965324 472 396807 356 70362 92 55016 346 247767 630 147403 545 268554 467 656763 292 99107 103 162330 398 916486 650 839582 450 311530 893 197175 248 1434 811 779688 125 947998 776 971137 141 324860 738 341841 999 547838 968 179513 518 691582 562 461969 781 77454 927 961839 676 902442 372 863174 271 782810 816 345883 810 76263 331 593174 733 846860 477 129743 730 276333 98 314194 281 390514 418 10532 103 19792 357 550101 565 581521 400 783435 815 734723 490 735741 74 993123 141 609547 537 91495 508 967794 963 418453 680 236671 455 884189 780 350245 213 313915 846 733765 27 604496 676 333846 42 272222 271 256734 579 8835 542 930432 493 105923 601 204178 659 759255 479 964652 529 29665 572 496176 398 307476 89 224708 200 727380 805 586529 210 790473 370 34992 17 161933 405 80226 988 312575 411 949528 928 105997 131 67515 545 840151 800 464383 529 900536 359 678495 547 209215 127 972558 684 14133 776 683235 871 26154 197 713526 324 85018 555 842925 936 852722 830 979190 790 267469 446 508100 22 42608 905 390900 326 183781 580 911816 853 489462 154 257430 374 57173 623 653861 199 104941 992 544694 169 128740 609 624195 693 711697 159 389873 502 444570 73 30512 683 750630 932 525531 161 883221 349 596671 466 127103 343 826856 912 43311 820 971561 4 928224 549 573454 212 136742 308 129106 629 502757 822 313392 124 548717 317 892524 989 651269 249 79921 9 761179 209 315957 38 827693 75 668442 893 883357 445 533529 14 202839 275 9198 402 978971 820 278152 120 721106 470 627982 303 226506 316 853884 422 799514 350 777226 909 65217 756 216379 375 646372 649 558287 602 770649 414 492332 919 406689 292 144873 460 577335 962 440933 642 14342 535 153410 821 453178 695 601188 670 9577 614 543462 161 40242 235 425296 277 495474 367 510101 775 69599 208 591199 986 19429 502 31613 446 298678 393 447391 885 984676 212 84902 648 62333 44 377705 55 694746 433 593986 672 70427 149 629220 628 343407 741 620968 422 635811 96 771241 979 415215 485 776682 447 673823 27 17317 934 933593 520 99894 412 378757 368 207544 381 901558 149 308657 686 408182 835 620636 687 828354 681 511706 991 53227 62 642805 927 521110 184 893114 169 60715 599 430425 41 824832 648 653783 385 311722 571 929567 506 262773 245 126513 993 787566 855 320418 16 534856 228 761310 95 259597 26 471898 494 954521 712 280572 61 35758 315 955183 451 654626 822 842819 855 232946 649 360842 646 772432 11 987210 453 998351 470 278158 575 415831 200 150295 716 883992 765 644202 43 367796 257 650924 367 256113 423 617375 60 97393 843 15386 212 510830 241 803648 382 7646 47 124647 15 680973 354 922698 565 77890 911 353 608 867232 349 979503 837 495684 22 398463 941 5063 465 512912 428 111813 323 307750 854 410702 249 264974 993 554523 39 932738 221 26583 177 537363 18 401702 642 357329 453 679942 467 590488 212 920253 77 516447 290 68750 649 981805 266 776804 884 497554 901 73174 356 386321 195 246807 322 436162 577 865212 813 498727 313 30338 932 370212 443 954810 924 773737 717 60490 32 488583 548 764114 445 518140 545 998533 771 545903 517 240585 634 941607 383 644672 253 878250 213 534821 233 868458 308 638895 899 12652 507 28762 524 199549 849 650185 807 654172 574 24285 967 931719 132 575235 636 191755 266 134902 919 708315 395 998398 288 239931 642 517148 362 178551 915 239305 403 327406 187 71623 551 208662 887 330962 859 782506 831 259393 602 56866 21 879215 186 233609 727 94826 316 422345 195 622856 303 942348 697 849726 453 424115 156 60671 646 608245 692 521250 676 811441 908 261577 316 529100 980 622822 68 102850 669 90786 262 514955 101 643619 328 796491 861 802219 832 169412 766 490155 688 756725 764 397447 992 749256 409 871723 549 35958 886 688107 305 559595 912 942561 520 771633 674 123786 948 825577 943 950552 998 564127 837 890231 644 934398 872 531795 705 635477 626 779459 409 559234 296 297146 481 36190 365 526329 213 628591 156 725855 251 394511 901 89129 970 95195 263 437140 518 627263 187 845610 328 17662 314 194987 52 11795 8 47869 496 282568 115 466578 982 570630 52 957336 937 270266 699 591783 715 653796 835 412315 104 4721000 211 92296 442 5317 337 921831 673 213736 138 858596 294 104219 794 986966 571 82910 445 444159 363 199814 691 391112 986 553933 93 296636 724 385280 329 131866 535 875965 437 231989 240 5342 507 537921 635 695980 121 228456 533 293318 696 689869 778 735178 719 142975 603 229912 266 588308 347 905546 615 590415 345 228390 540 589334 372 42130 594 525392 923 401875 286 245548 856 14892 363 535101 628 604209 714 640685 680 438194 104 238267 774 145548 309 31492 27 7153 128 359935 530 650383 352 1588 937 403397 894 738470 721 531587 766 325889 294 268175 782 175547 516 68483 91 325294 344 724907 531 561126 639 257333 237 436777 760 231785 358 568437 988 60412 358 983553 133 102989 675 303183 107 201819 616 130123 751 601599 115 632213 887 433215 223 96787 701 57610 968 959382 349 503404 671 728430 282 2950 662 349473 476 368605 814 579495 507 921224 91 371835 619 5895 953 881875 137 548152 579 80101 450 102927 460 950552 84 778865 493 855583 694 536987 805 933461 682 274522 140 689261 221 360751 252 878620 643 61620 352 935766 293 832545 41 154916 671 418984 766 229444 514 21458 854 817302 703 857824 642 393643 488 366911 385 6259 749 949377 160 901924 900 189624 898 945376 727 567350 171 996492 464 665129 163 231681 321 973951 518 20262 363 258228 890 325982 194 69666 546 113747 927 794889 680 187228 131 264151 272 846757 311 359661 816 443339 404 290341 484 85337 567 408558 942 176768 114 98748 570 52827 688 71776 432 84699 77 285944 686 16732 763 666641 242 972351 175 835496 789 917169 699 182448 182 865473 774 420858 139 492370 366 84671 423 31820 647 613129 12 760240 722 409662 983 568632 966 305528 836 877831 954 685288 66 724664 694 615366 662 918887 145 759934 682 357415 547 423721 785 227587 34 290421 972 739528 482 475278 868 201827 659 513457 691 578813 493 44954 454 457534 324 396136 205 950139 198 55330 234 66587 790 599514 127 465892 622 147925 975 677987 342 97679 379 33246 217 663804 257 444875 633 134290 648 98916 129 451716 684 314847 838 542320 612 767442 902 107315 466 684199 955 7296 183 768744 885 278622 460 234381 835 785387 616 375977 825 803467 418 277221 803 270788 276 403402 794 192 902 832226 931 184833 303 497431 772 772909 399 431954 620 176693 344 856801 940 53276 612 476296 620 951153 824 114651 939 779513 846 39445 711 341308 320 293834 531 890167 261 782735 189 595455 495 361888 924 787708 304 797196 85 40922 242 219835 200 465633 664 600788 567 697953 93 916528 230 5223 850 394525 651 297927 147 900863 500 45313 891 571677 961 10116 383 191948 984 290735 156 94253 720 51417 456 824315 737 364103 26 654437 25 683520 225 699555 755 841779 163 172337 802 105675 286 83070 726 295541 980 290357 233 667647 138 87577 661 989504 574 166509 798 848584 435 253765 992 749724 516 586522 39 368979 752 956985 602 688222 552 76264 965 650739 816 543258 809 757965 218 673751 710 111656 135 336235 45 14294 909 908404 731 883561 742 930531 78 594554 987 571937 105 84335 2 370415 902 481861 964 612404 556 266440 535 245493 141 371709 770 604868 894 612552 799 40637 729 441147 540 173716 732 255500 454 531982 891 881651 4 937692 746 176448 521 94694 927 457597 493 801320 241 741401 231 775700 988 923463 940 341670 291 177265 615 639348 687 931921 630 5742 756 872552 269 875753 873 792840 250 779266 158 289220 344 37917 258 606786 860 568832 493 604248 931 31955 710 91146 664 11334 273 685414 924 548793 552 656225 738 493857 882 52765 9 678371 515 604993 782 652144 539 985517 420 181318 915 724221 266 789 2 3523 504 265956 464 729715 210 187318 712 16405 616 801931 506 598605 624 9951 880 999984 503 377494 95 627135 367 10626 980 355857 757 898884 589 105681 274 337844 248 717747 4 98956 921 413263 887 10087 631 143528 476 161954 61 980112 156 240503 480 39012 85 418348 484 348572 744 348907 681 582865 985 566359 198 12778 142 980877 174 42934 770 492222 88 122264 261 24815 438 151636 638 287759 354 389727 294 87942 534 844716 30 367 815 83515 403 788342 604 78392 895 139348 594 123198 763 244142 935 960839 858 3306 445 801556 504 487313 834 972493 518 66181 261 762650 932 39213 725 45126 659 450114 191 698671 200 737289 589 26913 597 759762 166 864124 304 548406 684 970779 635 786729 3 635767 592 228851 252 842971 685 447692 710 667309 339 74875 365 874335 421 818759 738 120698 626 256644 515 926757 439 894748 113 809603 996 62676 739 420251 644 573650 26 918966 366 357937 294 621315 853 44551 401 992513 271 197932 506 283769 354 459866 701 756577 310 101327 748 48338 805 271252 238 675393 944 933912 762 11288 423 988564 856 540514 860 907653 425 292593 22 433714 428 142336 855 402685 340 320240 13 451428 566 227495 404 821742 761 319166 522 449918 551 149353 580 513379 531 982165 535 737708 728 95348 421 865636 499 160916 286 607367 731 40111 72 415646 785 601710 624 337771 595 595621 149 82689 693 316626 754 178244 267 54421 858 916686 826 830194 784 631891 63 200200 456 756861 901 498957 538 930431 206 29361 279 955247 624 288466 63 138917 944 616557 351 51285 271 318923 154 672410 888 425236 309 862300 740 786163 582 154359 817 704197 928 10073 940 427453 367 485688 758 656517 534 8125 10 427237 476 879452 372 169648 702 406172 174 828183 889 544195 530 707150 323 65836 268 186696 687 944575 740 900122 180 651629 882 735807 53 2021 383 58606 1000 972707 578 696814 923 368927 298 35436 754 388368 18 565388 924 149