375
30
72
395
14
5
85
264
388
266
40
162
287
221
457
324
369
375
162
464
337
462
409
415
173
136
490
82
320
54
347
472
88
193
83
284
498
142
326
178
377
39
442
248
329
179
339
353
104
52
214
60
108
460
439
438
349
316
132
165
178
114
249
99
87
283
55
211
235
200
330
54
307
396
99
299
221
116
440
82
21
268
138
245
248
402
392
467
20
460
87
232
350
265
97
166
327
371
480
47
223
484
105
432
113
78
74
326
474
9
218
385
359
218
114
371
465
171
103
133
47
182
143
193
391
141
301
462
73
239
141
52
81
210
237
349
184
112
386
419
74
79
483
92
294
26
488
24
142
31
18
31
156
321
216
393
162
77
487
189
267
35
308
58
24
347
343
354
43
496
310
468
42
224
248
349
438
180
110
287
174
179
227
11
267
205
94
309
357
362
273
53
397
241
237
74
176
154
342
274
153
451
357
455
209
479
330
341
302
45
92
227
293
164
459
195
195
334
498
311
386
492
270
193
233
122
135
269
168
209
323
282
257
471
483
329
443
51
244
408
101
124
293
482
411
196
281
485
430
334
411
97
452
415
270
262
455
20
77
410
101
145
467
363
79
338
280
151
413
438
474
385
87
183
336
337
39
33
142
25
472
214
250
423
66
229
226
333
102
168
106
439
57
415
213
272
402
263
283
172
108
24
336
444
402
334
4
497
276
473
280
312
132
61
149
186
310
466
457
500
253
446
378
418
489
4
86
309
269
191
138
47
321
208
318
378
39
172
62
471
262
310
15
365
445
130
381
314
370
414
67
323
143
89
378
480
385
411
349
307
37
145
254
431
366
287
490
431
120
439
45
87
59
301
150
132