655
357
968
327
559
241
886
296
677
708
996
741
640
385
326
128
383
263
667
632
712
544
643
287
545
771
446
795
704
789
964
699
915
799
989
551
900
997
383
484
378
565
156
336
568
361
971
463
425
119
518
338
846
396
834
227
907
416
572
562
518
786
602
849
657
812
134
206
546
834
583
715
411
569
561
155
185
279
968
782
628
508
129
235
911
305
987
602
910
958
194
894
755
671
138
724
106
739
288
980
561
744
215
545
137
648
149
455
836
755
375
945
433
513
315
878
942
836
195
758
495
800
155
238
928
862
279
451
421
624
786
973
990
285
847
718
749
173
949
591
801
800
206
489
939
294
913
320
892
856
949
459
830
551
423
335
536
417
560
875
499
232
332
540
556
611
516
733
247
775
750
437
563
818
109
114
359
951
929
229
517
387
554
616
779
786
122
199
658
597
969
866
354
889
183
677
409
187
588
858
851
436
536
522
677
932
744
961
418
735
519
241
289
408
263
548
830
231
351
270
132
243
983
461
419
743
895
942
432
120
116
748
257
138
314
248
945
894
734
903
314
190
956
138
737
515
489
222
137
176
252
912
747
787
787
129
558
753
298
134
615
583
457
788
928
150
404
721
718
104
123
267
224
641
858
426
992
752
370
636
378
174
476
867
380
270
584
259
224
306
485
695
670
843
197
337
482
222
851
225
164
636
214
483
708
674
646
274
212
761
355
307
297
622
806
849
554
759
150
561
750
759
185
348
669
455
782
390
130
126
914
154
925
526
187
949
443
838
416
749
255
983
901
478
755
277
717
429
925
701
528
993
585
962
934
398
722
456
487
169
280
807
958
390
182
777
695
525
434
580
289
386
673
705
323
159
576
597
974
851
745
456
826
922
271
708
690
615
328
818
400
703
216
477
865
242
308
175
950
830
487
238
973
265
931
510
199
848
480
216
405
893
306
847
377
488
971
109
193
403
908
613
110
361
672
928
182
456
180
918
901
626
396
717
310
663
291
532
391
111
464
530
379
180
142
631
484
121
399
246
633
644
275
474
293
271
870
830
644
271
874
544
724
688
297
830
834
581
122
132
347
342
708
760
336
228
674
194
177
822
771
576
377
616
600
290
880
277
303
113
158
439
437
343
231
186
665
909
647
353
262
110
719
200
349
375
507
983
926
910
754
570
276
580
229
423
926
959
755
176
606
757
825
828
798
194
806
104
534
911
753
656
802
214
772
432
703
648
825
788
461
950
456
460
178
162
805
156
461
611
184
747
583
515
742
440
672
695
107
774
666
761
466
945
433
981
691
772
353
816
240
140
755
916
225
324
475
465
655
838
987
777
272
371
179
920
948
156
516
956
384
782
285
393
933
700
864
226
133
290
136
110
489
623
598
433
665
471
799
138
342
433
663
122
696
606
796
293
359
443
438
398
158
800
380
479
663
233
849
797
180
311
629
304
204
428
240
243
444
259
574
185
968
779
417
794
321
690
960
553
780
318
758
165
328
248