1000 100
63 434
93 2170
88 4972
71 4423
41 503
67 403
93 3274
94 3401
47 4699
71 4261
54 1469
49 1409
62 340
62 372
90 1862
50 4304
67 2198
72 3849
88 1570
74 3743
59 1636
65 1378
49 3889
74 4194
47 891
89 1460
42 4429
44 3371
92 2236
55 2714
41 4912
45 3686
83 2654
44 4287
60 673
44 4080
84 4075
80 4227
96 4965
40 3016
54 964
53 3711
59 2889
60 549
85 1530
95 2034
68 3980
77 4045
88 4708
81 1852
64 1873
97 4388
75 4828
71 3038
52 3741
65 2914
93 3160
40 1312
84 3272
77 4472
58 2383
99 3690
76 4458
98 1902
41 3979
48 3279
77 3757
76 3814
72 3600
63 1843
49 1870
98 4249
94 3032
94 1092
51 3903
96 3695
88 2732
61 2600
80 1012
90 828
78 1811
84 551
60 3581
70 2942
40 3157
56 2413
70 673
92 469
75 2948
65 2899
76 3210
81 4760
83 1753
58 3674
96 4615
83 3011
75 2946
85 3048
60 2622
82 938
52 2364
98 3936
84 1253
65 4834
73 681
66 3800
78 4188
72 4035
57 2407
99 3477
72 2565
84 1584
92 1026
53 3463
49 1993
86 2250
86 3984
50 3687
95 3865
54 515
78 4030
78 3404
46 4085
73 1023
41 4060
44 4470
44 4320
50 3567
89 3363
41 756
95 1544
58 2338
91 1747
53 3548
93 1524
81 2066
63 2701
94 4473
42 3779
61 3414
55 4978
72 760
54 3769
41 3499
45 2772
42 841
73 960
69 791
63 3313
69 3964
76 1719
82 2363
62 4571
80 2178
56 4850
74 1540
74 3820
85 3095
65 576
58 1978
79 4979
40 420
51 3084
87 1959
78 2809
75 3941
72 4828
44 2817
44 1781
84 3020
67 4359
71 803
94 878
57 2944
67 4728
52 1191
57 2523
66 4524
91 1857
70 1632
52 3826
96 3384
66 4426
66 3930
51 766
61 3009
95 439
63 4112
76 4814
83 380
68 3920
49 2915
64 4699
57 1159
97 4360
48 4527
76 3891
60 2285
45 1282
46 2836
89 4796
77 4625
57 2726
88 4171
92 1698
91 4665
73 3627
90 822
42 1855
96 1052
64 329
70 4504
48 4203
68 4339
50 1811
46 2227
58 4668
57 792
52 1694
44 2252
98 4470
62 1199
93 1567
41 2137
93 2200
66 4790
98 2502
78 1512
81 1975
55 4542
41 1022
65 3256
64 3050
45 4188
73 4333
69 4015
90 2160
77 1698
71 889
74 463
86 1744
87 4853
51 3185
76 662
73 3516
56 4548
96 2620
80 2775
45 1998
62 4281
48 2441
87 3145
60 3449
83 3473
56 1356
92 860
43 4425
94 1676
41 2376
45 2552
73 1718
55 1282
97 2034
84 2115
94 2477
79 4800
73 4396
88 1654
76 1071
64 1548
91 3301
66 566
63 3812
47 3391
50 1528
76 3968
77 431
90 4411
57 1044
88 4993
53 852
67 3146
69 4094
71 826
99 882
80 2297
98 3757
78 1231
56 1109
56 1350
83 1932
65 2071
40 4305
67 1800
42 4280
84 889
65 899
45 1573
74 1043
58 1846
52 1318
95 2515
71 3106
89 2497
87 4813
69 1922
51 2175
61 572
70 3051
96 360
94 3958
40 4631
46 405
92 1361
55 894
44 3251
82 980
66 2931
43 4617
94 2979
85 2989
85 933
99 3396
91 928
95 3306
58 2615
52 3590
42 514
97 2108
82 2592
51 2685
52 718
84 3179
43 3373
49 1475
61 4917
80 4232
41 2776
76 4527
47 4499
57 3908
60 1789
49 2225
53 4740
41 977
44 1545
90 4254
98 4104
49 1995
99 1110
80 2459
49 3675
84 2041
95 2941
56 1812
76 3695
81 639
92 2758
56 1404
66 2281
56 4228
48 3291
58 1996
59 4538
67 3866
91 4343
50 2496
86 4812
78 2003
40 469
86 3051
81 2018
82 3882
44 647
87 4152
62 4950
98 3162
66 4134
58 1560
98 1092
73 2302
57 455
43 2342
61 2220
73 4691
64 2910
97 4451
50 4262
63 3104
46 2815
69 3791
99 555
81 1391
68 2811
84 3697
46 3181
82 4046
61 3417
68 1094
85 1962
66 1249
80 3141
99 2284
84 1904
97 3025
40 2867
65 2095
62 902
47 2773
46 2179
73 1033
94 4354
68 3110
61 1844
76 2337
48 600
56 471
85 2967
63 2704
89 3982
95 2879
98 2751
54 4224
80 4854
76 4038
71 4141
50 3947
46 4268
63 4306
95 650
93 865
70 2146
40 3612
44 2714
44 3490
85 491
73 4841
68 2533
83 3675
55 4330
49 4458
98 3587
60 4183
84 1504
98 1551
76 4287
43 2315
90 3424
96 4622
73 892
76 3382
60 4270
67 3779
49 2631
98 1278
75 481
85 2457
72 2505
50 4626
41 1515
47 3857
72 1819
57 4052
63 3603
66 2672
62 449
70 1263
42 1063
57 1253
74 3114
97 4315
68 4108
88 3153
54 1592
79 3554
98 1072
49 880
42 4429
58 4194
84 1379
41 3364
68 2032
54 2505
80 3058
64 4545
44 4265
85 1259
85 3800
46 3680
80 4825
54 2523
40 4390
61 1189
96 1003
58 1745
68 2841
56 3648
43 2633
45 4336
78 3642
62 860
49 4951
91 1473
90 3110
84 2804
87 2043
93 4302
96 4275
64 1240
98 2494
43 3255
49 2445
68 4425
80 1678
91 3046
62 3549
68 3672
43 374
99 1297
41 2277
52 2313
77 2201
93 3888
96 4816
89 4170
96 4534
80 920
43 2245
99 1650
85 4046
77 1446
56 1838
57 3653
71 3673
90 1530
73 2508
81 356
45 1096
59 2600
43 4139
61 398
52 310
76 2140
62 3481
99 4110
44 4678
89 2648
71 1017
64 3026
47 486
74 2937
86 4786
63 4692
91 3869
43 3346
93 3422
63 654
75 3342
49 1110
60 3206
78 1309
68 2916
61 947
51 1159
40 4943
72 3721
74 3747
83 3096
66 4551
56 450
65 330
100 381
90 1748
63 2610
40 4010
81 818
85 2845
55 3123
52 4752
56 4939
62 2631
60 2593
50 4713
92 1007
65 3844
67 2678
51 4808
59 3482
88 2843
60 3819
89 2093
64 358
86 2429
86 4248
69 4730
77 3440
83 3044
64 1552
62 3617
92 1286
40 4270
74 2371
90 4321
98 4870
51 3511
72 795
49 4824
56 3023
73 2885
53 4033
43 4066
45 4400
55 2470
54 3392
66 4782
59 3696
89 3875
70 4228
43 3177
65 421
71 3529
95 3330
60 1847
84 1451
58 2278
78 3975
81 4974
81 3419
90 1453
83 3314
81 2052
70 1661
63 1062
99 4693
77 3141
59 2251
68 2005
60 1743
78 4017
81 677
98 1521
86 1002
95 1153
89 3151
93 3894
88 2958
91 1187
48 3742
84 3110
55 2228
95 2801
62 3405
69 4610
61 3140
95 3889
66 3668
73 3826
87 3603
78 2478
67 1017
48 3195
84 3079
82 3367
55 2702
73 3400
60 1567
72 2347
94 3451
70 1268
78 1072
83 1794
77 1563
83 3381
98 2916
79 2347
60 4219
65 2047
86 2382
67 3780
70 393
45 815
99 3183
97 3957
89 2514
49 4163
44 3402
92 1017
76 2236
53 534
57 3265
81 1423
67 3693
88 1391
79 1013
87 824
52 862
44 4770
78 1707
64 1105
91 3841
42 611
48 2333
42 1389
70 1325
59 3677
71 4889
69 342
80 4679
72 1348
42 1735
56 3371
49 482
75 4997
90 3277
88 1086
56 3186
42 4368
87 4665
68 3414
85 4932
49 1128
76 4587
79 2882
87 3574
48 674
98 1852
71 3647
67 4564
45 3077
63 3095
45 3445
54 1275
83 3718
95 4210
50 1212
54 856
97 3792
42 635
46 3771
87 2204
52 3676
50 540
56 4512
71 3788
71 3519
92 4570
93 1391
96 3660
46 3034
72 304
53 1071
56 716
58 4449
51 2329
99 347
77 2320
65 3204
57 3615
61 1502
67 3619
68 511
73 3348
71 4371
49 1182
95 3827
73 2156
87 783
81 4037
55 2715
80 2717
78 1788
93 3700
54 4429
93 4375
89 4319
89 3670
60 2427
70 1305
86 2344
49 3576
44 3722
78 1544
61 1827
47 2135
85 1477
96 2820
83 1445
83 4758
62 2750
94 2339
46 1288
49 1893
45 1982
68 4561
69 1322
64 729
96 2548
45 2241
66 912
86 2023
83 2461
95 808
77 2736
98 3409
93 4796
47 3631
70 405
73 4768
59 319
92 1857
53 4565
53 4273
71 2274
66 2754
74 3164
73 4639
61 1759
92 2042
52 3599
46 3267
74 2043
76 4759
81 3026
88 4124
89 421
49 504
81 539
44 726
83 2829
58 2073
45 3579
98 2593
73 4446
69 3983
83 2438
78 543
83 1126
77 3919
58 3782
59 578
88 3478
72 1087
80 4803
50 2681
66 1112
70 4996
54 752
58 1734
92 4517
80 668
81 1298
56 2455
65 712
49 444
40 389
44 1528
56 3903
55 2403
46 2549
73 4258
88 1329
72 716
66 3767
54 531
63 3259
61 758
40 3814
90 2579
96 4309
68 3968
97 2295
46 1242
64 896
40 4944
59 4364
67 1793
49 680
83 514
66 3115
78 3689
87 3029
59 2825
96 4549
85 4231
83 4258
44 1001
51 3821
73 3630
44 3281
80 1878
61 3286
72 2941
66 909
72 4493
43 566
47 1596
65 1304
77 1201
61 1325
54 1809
60 1002
55 3811
67 3255
65 322
73 3549
41 1830
75 1864
99 4101
92 1098
42 1183
50 834
70 2813
76 1744
87 1964
84 2472
64 1076
97 4174
68 2401
97 1415
75 3928
45 4295
45 1192
52 4696
41 2283
93 2502
79 4229
51 666
52 1367
91 4165
77 4699
50 4010
66 4084
71 2111
55 2429
49 3224
67 3391
44 4235
55 1784
82 3852
63 3694
53 3729
95 4806
51 3861
80 2571
69 1616
59 4619
82 4871
42 412
97 4893
95 4869
79 1313
43 3411
83 1389
63 3454
54 3785
73 2211
78 570
64 3366
56 4358
56 4099
77 4663
42 755
72 1409
56 2846
65 3270
74 3478
62 1716
93 3911
93 4162
43 1202
93 2718
66 1012
44 4534
76 1872
53 1427
59 1928
95 2698
74 1260
82 2915
41 2160
82 4240
98 4119
62 1256
48 4219
51 304
64 1627
76 4162
85 3004
47 2550
52 4765
59 300
64 537
53 3520
64 740
87 1768
76 4219
68 424
76 4396
96 4016
80 1390