3000 1200 900
364 1168
890 907
784 1199
376 686
192 520
483 666
429 1123
405 412
566 866
642 1040
99 939
1132 1170
1085 1196
941 1145
270 1004
538 634
809 1031
890 1151
260 940
799 880
205 831
1032 1083
232 506
529 673
676 701
785 975
232 368
247 1058
286 496
344 554
164 1015
765 1004
868 926
475 558
1040 1099
200 904
816 1063
405 1195
172 469
458 791
228 286
1091 1152
1111 1129
357 985
1020 1034
1164 1196
571 970
839 1146
688 903
554 1110
1189 1194
682 938
1168 1196
367 952
1129 1143
835 967
804 1000
1115 1159
776 1061
782 1156
200 685
515 1037
864 1056
900 1172
1002 1124
954 986
322 695
97 677
815 1074
1080 1120
530 657
293 389
446 1061
964 1086
786 1020
713 716
426 1002
973 1115
827 1032
535 844
669 1170
1065 1130
248 1141
190 678
1075 1095
401 857
249 618
43 105
564 960
692 788
311 436
308 760
393 416
432 839
818 1160
52 871
159 737
197 366
75 241
972 1183
325 1187
302 315
808 1101
597 815
1080 1100
1125 1155
342 469
1075 1160
579 1111
690 692
1014 1061
692 895
583 1148
1129 1187
197 802
666 1193
196 856
953 1105
405 1114
1000 1192
194 768
1071 1158
708 935
1016 1113
984 1165
810 1153
1155 1198
104 755
853 976
346 671
1169 1181
392 659
159 725
1099 1167
113 936
1150 1199
692 890
75 626
953 1157
837 1019
108 1120
1085 1135
50 762
789 1042
728 850
674 760
1181 1195
1046 1179
510 580
131 648
1111 1177
209 1121
1108 1158
242 297
642 752
268 1162
803 1033
1109 1142
873 881
837 967
9 961
1024 1086
226 365
854 1131
263 862
521 721
699 797
652 1036
463 864
873 1012
735 1043
95 1126
769 996
662 981
782 848
980 1127
1074 1080
1005 1041
381 815
843 923
1160 1163
552 1156
563 773
1187 1192
868 1149
297 309
580 1018
943 1170
284 447
1089 1100
9 527
931 1046
750 1122
106 1171
83 1096
873 954
534 909
1032 1076
1005 1165
861 1003
462 699
225 1103
724 891
634 1183
1117 1199
195 540
608 847
1100 1132
149 227
809 859
719 909
73 717
820 963
162 357
784 905
671 673
73 1073
200 961
538 1110
861 1022
384 456
83 814
625 703
554 819
1024 1152
585 681
1077 1095
737 1026
1038 1063
631 1167
1181 1182
94 931
367 1149
308 853
1145 1162
570 735
978 1037
638 955
325 887
1030 1066
819 827
802 1126
78 493
362 868
911 949
565 1093
791 938
685 1129
668 773
914 987
189 597
615 907
601 846
545 726
374 978
737 919
699 883
1069 1153
923 1128
481 1101
644 691
1110 1138
448 1175
664 1196
177 963
69 293
267 382
539 1124
691 827
760 958
331 1189
208 1134
1029 1072
1187 1198
154 530
449 1062
560 1193
967 1070
1185 1195
726 1028
455 712
216 320
474 1115
831 1113
520 622
53 991
1172 1193
1165 1194
987 1104
578 773
695 1081
1151 1186
146 750
405 798
116 1157
753 1128
4 428
478 572
1101 1167
802 967
372 1039
1140 1198
990 1130
49 1123
640 864
743 871
505 955
147 1112
99 1003
1058 1196
245 1189
630 788
21 913
1012 1149
1142 1178
668 951
1113 1194
622 854
834 849
276 550
36 879
192 302
637 1124
37 863
674 714
607 759
806 1060
526 751
847 866
387 662
468 510
841 1096
650 1171
1019 1049
157 983
730 1132
727 945
515 957
982 1105
434 776
376 911
432 1171
582 1150
793 1041
928 962
1127 1168
230 688
41 361
323 541
695 941
687 727
613 774
510 856
559 877
1156 1191
950 1001
90 111
843 1016
96 766
10 669
642 690
510 830
183 984
722 1151
516 646
401 411
261 930
1076 1186
36 768
459 983
330 612
973 1158
354 363
978 1189
420 719
97 390
1067 1171
463 1132
1097 1125
136 289
896 1024
321 364
1169 1196
876 1104
1055 1115
280 574
155 936
635 1141
447 996
51 438
316 1127
244 427
986 1106
706 941
362 891
180 561
1034 1071
815 1161
322 1124
864 1091
318 1081
1063 1107
278 465
221 583
400 821
395 853
748 851
1102 1190
963 1073
1087 1188
56 794
149 264
1011 1145
76 1012
1191 1197
459 492
132 931
1115 1146
745 817
904 1046
591 808
1131 1162
973 1097
491 643
46 164
896 1013
1172 1181
521 933
186 780
798 1072
143 702
1129 1171
356 509
669 753
1176 1182
435 835
186 397
442 920
611 1119
222 892
437 611
389 695
869 960
420 873
678 916
598 1033
329 950
843 1031
816 1107
55 293
795 887
1185 1198
51 463
77 121
48 740
1166 1194
520 923
1075 1076
137 270
1107 1177
983 1159
841 1145
967 1175
500 1137
1094 1190
1105 1187
1087 1122
947 1105
122 209
753 998
74 1170
433 644
1069 1148
940 1005
219 753
732 905
180 550
670 752
701 749
274 771
979 1006
466 623
239 381
512 663
454 1161
657 1014
890 1046
21 502
1070 1186
596 1086
474 1005
916 1167
209 538
12 471
197 410
935 1076
1037 1087
970 1032
926 984
194 1185
345 870
577 667
628 1139
873 1137
294 589
769 1013
1064 1110
317 675
1002 1045
421 978
341 946
8 613
355 661
34 261
1183 1186
812 1003
633 836
265 571
196 825
340 403
829 1084
873 1177
1100 1180
228 919
1125 1176
877 1038
693 1156
520 1063
914 1182
173 245
859 1031
712 725
131 331
181 352
784 1049
454 1167
746 1061
844 1057
1094 1127
505 551
1178 1197
58 439
574 1183
125 476
234 551
1096 1146
863 913
54 418
613 1165
989 1093
330 705
781 959
573 1042
257 953
395 574
856 1058
16 155
511 1086
1117 1129
839 846
121 134
812 1029
754 1196
574 870
1 1088
208 809
100 692
313 833
168 438
1079 1180
553 636
990 1187
723 993
788 1168
1006 1104
1090 1135
250 754
820 913
1094 1136
564 997
51 848
957 1110
492 804
211 545
956 1002
867 1028
860 1112
881 988
817 1147
294 1083
1137 1195
711 1089
858 1164
1143 1163
749 936
243 700
728 844
1084 1131
300 886
682 1131
265 742
85 483
573 879
691 1036
852 927
1155 1171
169 882
56 531
1072 1165
516 886
612 1046
20 1016
470 912
436 663
1057 1150
388 1085
1194 1198
302 896
676 1119
764 1168
794 1190
52 638
179 659
560 1150
965 979
297 830
461 821
1109 1142
548 834
166 1145
222 1193
773 1160
266 985
1026 1151
273 1076
57 436
500 1106
963 982
658 795
654 852
1103 1163
545 1009
1142 1155
570 804
234 558
1103 1108
442 730
144 935
217 271
41 593
1152 1160
852 887
1080 1170
1115 1169
353 611
469 1199
428 645
501 589
58 1003
786 919
448 798
816 1068
836 1018
396 399
1093 1149
751 1168
1128 1198
708 822
213 855
1127 1188
604 681
1070 1173
116 583
269 483
523 899
812 922
893 1082
1090 1174
188 846
524 1042
464 700
35 329
362 867
174 766
310 698
975 1186
1166 1168
940 1071
316 572
1000 1151
851 895
981 1174
943 1091
630 700
922 924
67 117
705 1075
1094 1177
535 908
118 161
161 1060
869 938
138 549
786 1128
504 541
1056 1121
1140 1154
1134 1169
991 1089
31 503
820 972
123 370
282 964
956 978
150 424
405 836
1048 1134
774 873
957 1043
249 548
215 1165
1066 1070
517 811
35 245
613 1147
1035 1190
182 927
282 699
749 1177
111 1144
832 1175
120 998
649 927
715 963
350 1169
728 1198
767 811
483 1058
662 1194
121 202
450 620
702 876
681 732
477 1095
911 983
924 1060
582 675
948 1036
1111 1166
445 587
28 704
22 80
666 891
534 694
357 457
775 1083
66 1006
360 916
214 230
1110 1197
36 97
61 429
956 1189
503 571
320 850
1142 1171
288 715
657 1185
692 1088
441 1182
1004 1027
975 1010
947 1134
654 682
1010 1162
397 776
773 977
619 713
540 579
918 980
1179 1199
198 806
1084 1133
800 1200
989 1025
800 1180
379 775
183 380
329 578
506 586
852 1066
555 1037
350 601
20 757
358 629
263 784
995 1005
584 900
1129 1147
875 1081
750 998
620 939
986 1197
90 169
80 598
1019 1198
409 504
1070 1160
457 970
699 1095
38 322
370 1039
585 780
565 1053
1028 1169
469 542
979 1000
1055 1135
912 1144
389 930
1059 1121
712 984
915 1032
1125 1199
454 946
1158 1199
283 797
445 561
128 843
1083 1092
14 893
1036 1104
257 1068
714 747
924 1092
461 851
1108 1187
1175 1199
1120 1154
1178 1184
787 909
57 1003
767 818
146 834
35 1014
626 686
647 1196
598 923
935 1059
1069 1200
632 1013
532 1090
267 354
799 810
740 1103
138 764
840 1028
768 812
1009 1112
122 289
541 1102
572 671
1126 1172
99 998
1153 1198
45 759
1015 1171
457 720
1005 1089
762 866
437 1035
917 1190
559 1051
822 1052
332 936
965 1071
967 1149
684 1182
721 1163
82 985
52 488
432 1069
744 1050
260 682
83 1165
970 1135
1197 1198
1012 1174
514 600
828 1135
550 721
89 992
729 1002
463 757
97 1042
1132 1149
643 1022
534 892
580 965
263 948
487 901
648 974
1197 1200
361 859
605 617
1130 1172
808 848
671 999
536 653
27 655
609 1166
549 888
39 797
662 1099
853 1158
408 598
525 793
380 1115
825 1000
350 455
1131 1200
1102 1194
1019 1091
775 1013
451 1049
25 1168
614 1077
432 700
968 1083
148 1189
378 1078
200 383
14 1040
434 930
784 1174
622 659
1132 1152
445 1112
413 943
845 1184
979 1131
692 777
107 886
344 397
33 169
656 1090
995 1097
277 750
214 743
89 990
925 965
1057 1067
687 829
826 1011
1189 1198
252 619
251 1165
804 810
289 1079
464 1075
164 602
417 441
981 1073
1111 1148
902 1043
488 1077
807 808
743 1017
1113 1185
834 939
681 771
685 694
881 1114
460 1124
910 1147
120 309
1031 1046
34 169
285 921
841 914
890 1056
1164 1184
193 768
1182 1191
323 731
459 1176
143 449
698 963
625 981
643 682
935 1019
207 566
754 909
1149 1199
408 1061
248 1062
1170 1174
810 965
842 1069
110 575
954 999
157 264
64 188
328 1010
907 927
273 402
1031 1191
284 586
780 992
1068 1118
435 1134
714 743
615 1171
549 968
261 616
800 1085
791 1150
984 1190
380 1158
514 708
300 563
194 355
358 1097
1016 1021
433 584
531 1035
1075 1153
616 1083
315 824
66 698
886 1150
1082 1083
745 1071
721 989
575 1049
745 804
882 945
166 268
85 122
260 401
885 1057
604 854
391 823
192 1068
564 832
1131 1153
93 571
1178 1191
259 1130
505 743
972 1200
778 934
782 1195
887 1131
603 1092
928 972
1021 1125
379 510
745 1034
567 626
152 1109
746 777
475 749
738 1081
726 1182
726 1146
307 958
1014 1093
789 1040
115 212
948 1006
391 1141
39 1050
266 991
591 833
864 1173
272 385
1001 1101
346 510
923 978
429 645
190 404
754 842
960 1184
849 1142
51 564
498 779
1184 1196
929 1156
1104 1184
972 1158
1170 1173
1113 1126
781 833
837 873
411 748
53 170
438 633
558 1011
291 799
1025 1163
975 989
551 582
1173 1189
240 540
1033 1054
308 750
205 642
1138 1191
702 1136
92 677
734 814
1182 1186
575 590
535 839
22 865
993 1164
1067 1143
958 998
344 486
273 516
759 1153
576 735
461 1091
908 1035
1089 1092
223 297
738 812
230 925
332 333
941 1118
270 726
980 1199
223 1086
403 1120
453 469
864 911
261 745
1067 1179
314 985
82 176
1071 1159
1095 1181
1096 1175
599 966
38 207
168 1077
301 900
1044 1069
669 900
225 766
55 386
276 881
1043 1073
493 1166
80 516
654 792
192 250
592 618
473 608
815 952
502 675
1160 1199
750 1065
714 814
1196 1199
345 599
719 921
1199 1200
1016 1104
637 991
578 654
577 586
981 1090
198 406
687 1008
767 938
741 1177
31 646
785 1066
223 819
406 490
464 692
270 356
335 1039
33 471
1018 1156
83 213
764 843
771 952
1088 1155
1073 1126
1116 1129
408 502
424 830
815 1073
571 1156
1001 1155
957 1104
1196 1200
929 972
1092 1193
926 1191
376 438
309 846
565 673
393 1099
23 953
986 1013
466 929
236 432
906 963
177 1096
881 1167
982 1044
131 620
425 859
1104 1163
536 680
112 305
727 1005
460 770
1133 1196
53 1074
609 944
41 1061
285 597
424 544
28 801
618 904
766 934
476 664
25 485
441 987
56 1013
256 916
490 1050
1117 1173
784 907
457 774
144 529
803 980
62 574
697 793
694 930
64 219
840 1075
87 962
910 1078
1086 1124
1100 1120
356 1038
181 432
194 779
987 1149
438 1109
871 907
982 1077
627 1045
270 527
1099 1172
1186 1196
602 909
599 1033
657 760
1154 1195
373 905
596 835
651 727
413 474
1043 1113
633 1094
880 892
353 657
659 1092
808 997
554 815
619 1186
605 1078
85 240
378 574
881 1065
893 950
303 571
278 682
1021 1137
404 1017
134 1168
1010 1175
914 997
139 825
528 1036
1149 1160
989 1131
1007 1124
1173 1178
266 828
347 751
1141 1172
476 1015
112 425
578 1147
968 973
224 609
181 1035
810 991
43 730
1115 1131
590 644
540 1184
1079 1172
73 897
1116 1127
254 1121
678 784
1193 1196
600 820
49 888
18 652
948 1193
249 768
741 1115
2 11
473 666
153 889
341 514
465 685
436 932
46 1006
671 684
1140 1175
1174 1192
12 579
1069 1134
439 1040
1077 1142
565 797
588 624
499 798
734 1032
253 663
7 459
809 962
960 1132
346 667
95 773
305 700
1187 1190
741 921
601 726
831 884
942 1164
899 1143
352 713
154 789
707 1013
905 1194
1046 1117
326 1176
244 677
59 96
357 565
357 966
358 870
282 787
256 1020
442 925
816 1185
281 804
860 979
1109 1137
881 1115
390 808
79 771
631 1188
628 817
22 738
1109 1119
407 563
21 22
26 1079
676 800
1182 1200
73 220
735 853
1023 1142
802 1071
716 1030
57 363
708 1181
450 571
406 497
1065 1143
928 1031
69 192
1155 1159
328 732
378 1190
396 1076
1030 1158
715 1158
909 964
410 889
842 1128
685 862
379 912
404 949
166 506
400 1114
936 1060
81 169
96 825
594 994
447 731
933 1139
776 998
643 937
1195 1196
305 1061
765 778
1021 1064
489 740
124 244
81 184
193 720
859 1013
296 1005
645 993
59 106
269 1054
269 564
674 1100
501 1171
239 1146
184 275
391 941
692 864
515 1034
290 1083
488 1164
1006 1015
153 698
705 715
1191 1195
685 972
980 1084
251 600
387 941
232 368
840 1024
583 978
8 603
252 908
748 1142
100 120
400 442
224 503
14 394
604 656
871 911
94 130
176 267
318 1145
77 1106
144 711
993 1120
578 817
952 1167
404 964
518 792
725 934
784 1006
748 839
1118 1128
1020 1097
525 712
709 798
977 1021
523 561
630 724
896 1156
777 958
203 267
983 1076
400 622
767 1004
329 659
84 777
561 1025
142 808
8 239
888 919
24 1100
886 1188
980 1175
786 1136
452 1082
134 559
101 939
192 1075
804 841
885 1193
40 719
137 967
941 986
60 173
698 716
357 1035
30 242
726 1198
287 741
733 1175
649 1174
35 128
576 770
1089 1094
349 480
565 814
410 879
518 833
557 986
366 1168
334 656
650 975
1147 1178
1018 1170
918 1186
717 827
466 551
553 878
1150 1178
979 992
922 1062
1187 1191
503 854
302 327
410 511
1051 1128
1110 1171
22 771
673 955
780 911
674 1054
632 1080
968 1112
75 455
993 1135
985 1092
1070 1171
107 732
784 1079
1067 1174
1039 1165
93 958
246 248
435 885
402 605
352 796
1030 1183
327 1064
649 666
794 831
25 213
686 1148
686 1166
54 361
698 954
129 1184
1129 1154
185 1112
778 1097
631 1147
1045 1140
397 1020
369 786
1087 1147
1164 1188
616 700
77 788
889 1117
758 810
825 1098
1150 1151
917 1057
1173 1193
1003 1078
1152 1168
1009 1174
752 1095
871 948
639 1111
107 930
869 890
990 1041
406 415
596 1075
344 763
7 900
1168 1196
25 890
234 1035
784 795
541 731
855 894
108 861
541 648
419 1081
1168 1181
483 1171
552 653
85 820
191 684
1029 1081
826 1017
793 858
815 960
119 486
145 803
571 802
373 992
295 607
722 1054
498 824
1061 1176
630 1013
986 997
1031 1151
16 807
1196 1198
543 613
315 977
968 1102
856 903
366 396
1151 1160
769 863
184 793
531 532
670 873
527 986
479 1047
1035 1152
439 1024
1169 1186
758 808
459 954
217 454
197 620
919 1080
1044 1126
93 978
185 1131
945 1005
39 1177
1153 1172
26 883
493 1116
116 1086
966 1098
179 373
791 932
598 828
1010 1061
822 859
397 1106
957 1012
1059 1162
208 389
490 1043
406 825
748 1048
339 449
684 1040
620 766
934 1013
221 1185
390 634
429 1011
1072 1125
1174 1184
937 1034
271 391
995 1148
453 532
495 612
293 728
370 749
966 1037
237 939
1035 1190
570 996
1193 1200
585 601
1173 1182
282 1118
157 818
675 718
470 930
943 1180
919 1012
1006 1122
992 1111
464 1034
765 909
34 1129
576 968
1115 1117
597 917
889 1120
458 692
974 1106
860 1200
863 915
1044 1102
201 1071
494 593
413 985
523 673
348 505
116 892
1162 1169
1194 1195
979 1142
142 223
873 964
850 1038
304 846
284 798
1182 1191
1197 1199
134 867
974 1134
590 823
486 1177
923 1049
66 332
506 619
556 1028
1011 1039
227 434
556 934
40 520
24 46
1023 1102
1022 1044
1134 1188
973 1128
53 188
483 779
744 1066
1105 1180
135 1169
187 795
1135 1158
420 481
969 1021
165 1192
614 973
472 791
103 1177
304 1089
234 838
460 502
816 933
798 1127
679 1196
731 783
6 1115
1137 1148
113 1123
45 551
438 637
287 808
1027 1149
370 974
45 180
898 931
1186 1188
111 941
337 808
683 691
248 803
318 1200
328 981
809 1050
372 667
709 924
1031 1175
1173 1178
877 1165
207 507
661 838
427 747
889 1146
890 919
72 419
475 853
913 948
416 629
183 486
177 638
812 939
301 752
129 936
220 745
761 987
987 1086
937 1015
722 810
789 849
392 914
591 920
134 1073
948 954
946 1029
181 237
225 1103
27 107
425 470
153 573
1079 1095
932 1122
888 1193
325 941
84 1089
705 1029
189 320
150 481
772 1046
624 975
218 219
939 1159
260 480
1195 1198
217 770
1026 1082
700 932
623 907
872 1058
1022 1053
363 433
1022 1166
1006 1192
473 649
1155 1188
31 321
521 774
892 939
728 1174
915 1114
1106 1117
430 935
524 651
143 440
932 1143
1101 1123
1184 1188
510 836
276 551
640 977
99 725
878 1002
118 416
647 921
122 1069
714 995
613 918
794 1014
327 1188
1185 1193
780 830
510 1015
233 457
436 1106
1102 1122
155 1152
479 497
304 779
914 1059
472 556
990 1005
394 883
987 1136
1081 1104
1022 1031
577 860
1148 1184
510 599
326 1163
1119 1170
320 798
135 791
1178 1189
821 1050
1177 1183
336 773
764 872
587 984
308 745
431 929
2 1146
1119 1124
951 1134
310 1061
1180 1185
79 1190
626 981
995 1156
299 694
619 815
515 1010
315 1097
896 915
628 700
167 732
622 1064
294 1099
1011 1073
771 1115
891 1179
16 866
8 608
330 559
415 890
929 977
398 1120
404 951
1118 1123
124 201
202 555
664 1128
1022 1171
953 970
700 1069
855 1197
976 1164
625 807
319 1005
268 1162
1144 1170
90 709
409 426
885 1164
746 950
1187 1192
390 711
328 932
279 736
348 1065
637 1146
721 804
793 1177
809 894
819 1065
809 837
961 1035
1097 1126
988 1084
538 587
947 1109
1150 1179
100 1089
496 1099
478 775
1020 1069
470 1028
671 1026
64 687
540 1098
882 1008
1022 1129
137 1096
1160 1166
10 1037
438 701
1024 1191
29 1114
241 840
1172 1187
487 1168
475 503
205 901
427 1058
310 532
433 683
719 1009
1088 1113
937 1183
866 1200
710 1063
635 1170
52 1122
1075 1098
1021 1060
886 982
710 754
832 1084
374 605
605 1114
406 1147
139 553
311 1126
417 746
462 1151
549 694
443 618
524 1026
1170 1182
272 914
215 706
195 301
519 936
193 1158
679 777
1107 1127
570 1070
246 1053
1032 1138
500 544
297 445
584 644
607 1146
1117 1126
920 1055
591 1160
879 1009
247 968
330 1154
908 909
554 832
1076 1148
436 1027
89 808
395 1154
31 496
388 1189
425 659
155 851
978 1144
720 877
56 131
789 1152
216 321
595 854
528 1002
523 1027
235 770
1123 1136
633 922
858 1039
1166 1174
857 1140
735 1013
202 666
1196 1199
106 986
278 1014
703 1020
498 665
503 871
828 831
1036 1188
985 1061
591 736
225 378
270 990
885 891
980 1167
578 871
787 948
826 895
15 540
645 1149
728 1167
877 964
510 670
520 875
613 770
493 511
260 792
213 621
315 1177
74 290
221 533
112 680
867 998
980 1033
1024 1089
586 643
400 601
994 1038
461 1018
117 896
821 1130
465 795
1149 1187
672 685
482 653
782 1087
104 1093
12 35
840 1010
64 972
729 1089
1190 1193
162 962
794 1024
213 980
1131 1173
1139 1186
235 298
191 579
615 1085
416 473
826 910
872 1035
497 1055
173 235
130 790
1171 1192
396 481
529 846
781 788
808 964
1185 1188
379 1178
822 857
438 966
589 958
1015 1076
678 1096
858 995
383 1062
398 463
1186 1199
543 1027
808 811
1043 1100
941 1173
1113 1124
539 971
981 1000
242 778
720 871
367 407
1162 1172
1188 1190
1109 1169
972 1011
587 1034
564 694
1065 1156
165 886
875 970
188 1101
1097 1143
587 1105
471 693
121 722
1166 1176
285 763
891 1001
439 1081
1182 1199
26 450
347 488
228 1048
580 966
463 1063
36 400
73 117
947 1019
423 1060
1107 1158
399 1065
295 1024
1143 1186
110 516
249 684
1114 1187
75 92
714 1008
92 1163
510 639
854 1005
100 203
1190 1193
163 1159
1068 1082
545 1024
1172 1188
245 481
1099 1133
486 1128
942 1025
808 898
602 1020
408 987
355 641
1091 1175
45 660
142 333
87 1164
66 606
922 994
590 1063
429 1126
494 892
721 788
641 726
152 783
570 732
289 407
952 1082
73 787
280 1165
772 848
65 170
369 481
766 1168
177 1013
634 669
634 1072
77 946
821 1005
387 1130
987 1108
982 1016
537 608
1096 1184
1062 1084
472 500
444 695
498 879
773 1148
603 664
448 787
658 1041
196 221
785 945
362 998
817 1042
550 866
69 270
533 1033
85 86
40 1016
544 1191
576 675
576 833
844 991
983 1115
1103 1117
880 951
848 1189
345 963
958 1164
535 1150
16 751
793 1140
799 920
458 1139
1022 1177
577 1053
946 1090
139 148
56 662
788 1125
125 651
604 753
1111 1154
920 1092
1140 1174
196 261
166 1042
809 1022
1112 1192
68 668
72 434
907 1023
562 615
674 728
800 912
537 944
1108 1161
922 998
454 1105
616 779
796 1040
379 506
657 984
1162 1168
219 783
139 1042
1175 1199
899 1122
446 603
1097 1138
1066 1106
39 297
426 824
234 444
429 1188
873 1162
760 887
493 509
860 1079
877 928
688 717
868 1065
470 936
1001 1158
896 1122
903 1020
1110 1143
521 757
297 407
226 650
69 537
103 523
197 495
914 966
947 1004
1130 1181
1128 1143
891 1157
134 764
679 748
755 848
1155 1174
138 404
716 1080
520 939
604 1010
1000 1067
1130 1191
23 778
732 1114
1062 1161
325 400
1182 1190
1132 1191
705 1105
663 825
1014 1063
1072 1113
944 1110
1013 1137
817 1163
674 995
933 1030
784 1107
146 351
324 888
670 700
448 469
1177 1179
997 1098
77 634
428 730
966 1161
323 915
896 1164
421 758
717 998
729 799
629 843
1024 1119
312 794
477 734
808 892
56 206
488 674
267 304
408 664
516 519
1133 1153
266 1141
10 1084
662 851
755 776
284 301
357 1049
469 1094
23 68
416 1045
248 249
631 883
96 1077
51 833
25 74
638 698
981 1014
579 893
563 964
355 605
888 1063
311 431
1120 1129
649 1045
1109 1152
65 426
385 1199
303 390
572 1111
119 1054
492 775
1146 1183
329 1103
404 498
143 1055
546 956
334 764
52 587
144 428
75 247
735 792
596 1054
162 732
596 1004
343 662
577 1019
828 965
528 569
695 914
554 1107
1159 1190
395 459
970 1055
175 747
540 957
15 687
1025 1130
335 792
826 997
266 1018
342 1151
809 1111
1179 1185
512 979
1033 1175
1077 1100
676 972
1092 1153
353 359
992 1067
125 286
14 682
791 914
334 969
138 189
346 662
1040 1164
1078 1195
416 777
1195 1199
486 867
1129 1195
596 695
450 1110
256 657
987 1187
611 648
912 1168
808 847
239 439
1091 1129
619 1151
268 849
747 1093
638 652
307 1118
1094 1107
918 1121
1070 1193
1179 1199
203 626
499 761
796 929
516 615
767 872
509 1041
476 896
1185 1197
256 737
688 815
11 773
1197 1199
206 1023
6 617
408 976
589 681
172 1066
239 929
815 953
814 966
764 884
859 919
373 1114
246 928
713 1178
104 433
1180 1197
210 1173
954 979
323 480
1093 1169
987 998
1152 1153
613 682
988 1111
933 1182
638 824
600 1150
615 894
928 1051
205 565
484 798
936 1003
756 1140
38 948
493 1138
1121 1184
891 1062
44 632
270 928
248 599
1160 1175
853 1094
589 793
305 782
320 1062
533 1095
4 935
983 1025
1134 1140
671 898
398 860
827 980
1067 1118
75 647
854 873
17 361
754 1029
1129 1164
1104 1200
532 614
352 534
131 168
293 1077
47 840
255 1179
940 1051
1042 1123
983 1059
1169 1194
389 841
898 968
596 980
1057 1170
707 1061
79 488
242 636
684 902
51 1154
867 954
106 1102
188 855
530 885
210 593
1147 1159
1050 1082
870 1128
283 548
1072 1176
448 472
799 958
595 911
254 569
1128 1191
470 493
1100 1153
663 809
476 960
364 1095
593 815
831 1003
602 1030
445 905
454 1163
1008 1141
75 335
355 606
493 729
849 1027
569 834
429 654
176 1021
278 929
1016 1158
305 368
377 955
483 619
1025 1157
6 1014
790 1088
195 972
628 1081
730 1123
834 836
745 830
1145 1171
1032 1042
889 937
1045 1145
297 1027
785 1018
145 366
1049 1115
44 733
850 1005
854 971
616 753
281 808
1093 1097
411 428
503 701
10 1079
50 766
61 816
146 253
565 738
66 229
901 1183
791 1093
258 409
822 883
566 1169
23 624
44 693
792 930
933 1147
42 714
309 1057
1040 1046
871 938
1103 1171
244 253
379 931
469 695
247 1102
530 745
350 1152
219 872
1128 1163
731 772
141 955
520 882
708 772
612 1153
194 1010
745 1170
884 1098
567 686
1086 1155
974 1061
958 1095
1036 1038
328 380
1146 1182
1065 1104
973 1193
1176 1182
15 229
345 497
316 684
137 366
537 749
688 802
908 990
781 784
654 753
339 580
493 1123
296 1035
934 1135
997 1090
724 1042
1163 1196
1167 1179
359 749
436 652
1073 1163
536 1138
557 863
646 668
552 845
714 740
590 811
277 632
604 1156
562 910
994 1039
314 863
22 1158
794 1065
853 1079
67 630
651 776
192 545
38 231
1101 1121
361 1007
643 906
19 759
397 468
227 460
596 770
633 1170
960 1052
135 1185
1172 1176
548 988
271 281
478 818
489 1195
1158 1169
13 383
702 1157
144 1186
1075 1132
570 1185
776 793
923 975
374 650
406 664
635 1188
690 1125
91 640
174 997
1053 1112
13 688
13 890
963 1103
502 700
1116 1145
844 1118
1088 1110
83 189
1133 1191
727 893
865 1045
85 455
930 1094
275 629
340 425
135 821
91 229
603 1084
616 1143
1081 1120
1193 1200
731 866
56 503
661 1170
738 944
800 1050
589 1040
874 1128
187 608
727 888
146 1047
57 1101
225 510
776 1196
1078 1085
10 249
116 761
761 961
950 1169
50 582
1166 1175
630 752
644 668
435 725
749 755
1093 1143
735 913
634 978
302 567
982 1018
932 1047
997 1068
393 986
374 703
422 734
289 1055
1116 1151
967 1154
759 910
415 860
619 1074
783 820
1074 1107
287 833
722 993
388 419
673 713
460 728
15 147
991 1166
364 1033
1104 1183
223 319
1123 1190
334 1167
1176 1184
397 518
675 868
807 1117
742 1006
632 1046
318 964
637 1099
835 901
425 955
59 66
13 675
331 1016
454 561
21 1109
571 799
1124 1192
546 830
920 1064
163 459
1043 1065
889 992
69 206
115 553
13 679
942 946
192 981
384 405
743 1068
336 981
905 1014
82 215
251 365
409 511
332 964
299 338
728 905
1059 1072
909 1006
293 475
943 1123
269 635
1083 1142
796 1125
606 966
1094 1144
331 382
236 1149
1147 1178
231 649
627 820
450 691
248 282
102 570
466 1133
1048 1181
18 416
777 857
770 828
222 499
313 341
424 920
905 1021
57 981
1163 1181
1130 1193
43 875
109 657
360 513
1116 1150
1188 1200
600 994
442 1086
846 1022
1 176
1074 1178
1090 1138
495 966
766 876
717 1126
1163 1191
517 969
150 1042
27 905
1169 1171
1092 1160
720 919
405 652
474 625
863 879
1112 1171
942 1199
327 817
613 1087
1022 1152
1128 1130
261 1061
250 729
913 979
426 470
31 810
173 943
310 407
1120 1171
724 883
196 877
88 397
514 989
673 1118
630 648
44 246
739 910
506 584
1096 1181
855 1049
511 970
912 1111
1068 1190
335 1197
455 757
1123 1137
879 1116
770 817
138 774
212 1185
582 747
1045 1164
37 562
646 1008
72 866
295 987
1055 1173
1044 1149
1158 1166
1190 1192
1010 1193
198 405
477 956
217 569
145 873
420 570
1028 1070
104 751
523 559
810 1130
1059 1180
515 1110
1120 1145
1195 1199
863 1161
407 713
899 1140
72 882
336 1086
884 1077
74 682
27 381
764 1052
815 859
1088 1191
924 1147
1136 1185
681 1030
271 455
793 990
958 1085
981 1027
944 1128
509 673
356 949
33 1008
437 802
876 940
1059 1067
684 840
7 978
159 187
86 1107
478 836
8 455
488 489
615 857
359 851
730 1130